0000
1111
2222
3333
4444
5555
6666
7777
8888
9999
0001
0002
0003
0004
0005
0006
0007
0008
0009
00100
00200
00300
00400
00500
00600
00700
00800
00900
11011
11211
11311
11411
11511
11611
11711
11811
11911
22022
22122
22322
22422
22522
22622
22722
22822
22922
33033
33133
33233
33433
33533
33633
33733
33833
33933
44044
44144
44244
44344
44544
44644
44744
44844
44944
55055
55155
55255
55355
55455
55655
55755
55855
55955
66066
66166
66266
66366
66466
66566
66766
66866
66966
77077
77177
77277
77377
77477
77577
77677
77877
77977
88088
88188
88288
88388
88488
88588
88688
88788
88988
99099
99199
99299
99399
99499
99599
99699
99799
99899
012345
123456
234567
345678
456789
567890
678901
789012
890123
901234
987654
876543
765432
654321
543210
432109
321098
210987
109876
098765
001100
001122
001133
001144
001155
001166
001177
001188
001199
002200
002211
002233
002244
002255
002266
002277
002288
002299
003300
003311
003322
003344
003355
003366
003377
003388
003399
004400
004411
004422
004433
004455
004466
004477
004488
004499
005500
005511
005522
005533
005544
005566
005577
005588
005599
006600
006611
006622
006633
006644
006655
006677
006688
006699
007700
007711
007722
007733
007744
007755
007766
007788
007799
008800
008811
008822
008833
008844
008855
008866
008877
008899
009900
009911
009922
009933
009944
009955
009966
009977
009988
110011
110022
110033
110044
110055
110066
110077
110088
110099
112200
112211
112233
112244
112255
112266
112277
112288
112299
113300
113311
113322
113344
113355
113366
113377
113388
113399
114400
114411
114422
114433
114455
114466
114477
114488
114499
115500
115511
115522
115533
115544
115566
115577
115588
115599
116600
116611
116622
116633
116644
116655
116677
116688
116699
117700
117711
117722
117733
117744
117755
117766
117788
117799
118800
118811
118822
118833
118844
118855
118866
118877
118899
119900
119911
119922
119933
119944
119955
119966
119977
119988
220011
220022
220033
220044
220055
220066
220077
220088
220099
221100
221122
221133
221144
221155
221166
221177
221188
221199
223300
223311
223322
223344
223355
223366
223377
223388
223399
224400
224411
224422
224433
224455
224466
224477
224488
224499
225500
225511
225522
225533
225544
225566
225577
225588
225599
226600
226611
226622
226633
226644
226655
226677
226688
226699
227700
227711
227722
227733
227744
227755
227766
227788
227799
228800
228811
228822
228833
228844
228855
228866
228877
228899
229900
229911
229922
229933
229944
229955
229966
229977
229988
330011
330022
330033
330044
330055
330066
330077
330088
330099
331100
331122
331133
331144
331155
331166
331177
331188
331199
332211
332233
332244
332255
332266
332277
332288
332299
334400
334411
334422
334433
334455
334466
334477
334488
334499
335500
335511
335522
335533
335544
335566
335577
335588
335599
336600
336611
336622
336633
336644
336655
336677
336688
336699
337700
337711
337722
337733
337744
337755
337766
337788
337799
338800
338811
338822
338833
338844
338855
338866
338877
338899
339900
339911
339922
339933
339944
339955
339966
339977
339988
440011
440022
440033
440044
440055
440066
440077
440088
440099
441100
441122
441133
441144
441155
441166
441177
441188
441199
442200
442211
442233
442244
442255
442266
442277
442288
442299
443300
443311
443322
443344
443355
443366
443377
443388
443399
445500
445511
445522
445533
445544
445566
445577
445588
445599
446600
446611
446622
446633
446644
446655
446677
446688
446699
447700
447711
447722
447733
447744
447755
447766
447788
447799
448800
448811
448822
448833
448844
448855
448866
448877
448899
449900
449911
449922
449933
449944
449955
449966
449977
449988
550011
550022
550033
550044
550055
550066
550077
550088
550099
551100
551122
551133
551144
551155
551166
551177
551188
551199
552200
552211
552233
552244
552255
552266
552277
552288
552299
553300
553311
553322
553344
553355
553366
553377
553388
553399
554400
554411
554422
554433
554455
554466
554477
554488
554499
556600
556611
556622
556633
556644
556655
556677
556688
556699
557700
557711
557722
557733
557744
557755
557766
557788
557799
558800
558811
558822
558833
558844
558855
558866
558877
558899
559900
559911
559922
559933
559944
559955
559966
559977
559988
660011
660022
660033
660044
660055
660066
660077
660088
660099
661100
661122
661133
661144
661155
661166
661177
661188
661199
662200
662211
662233
662244
662255
662266
662277
662288
662299
663300
663311
663322
663344
663355
663366
663377
663388
663399
664400
664411
664422
664433
664455
664466
664477
664488
664499
665500
665511
665522
665533
665544
665566
665577
665588
665599
667700
667711
667722
667733
667744
667755
667766
667788
667799
668800
668811
668822
668833
668844
668855
668866
668877
668899
669900
669911
669922
669933
669944
669955
669966
669977
669988
770011
770022
770033
770044
770055
770066
770077
770088
770099
771100
771122
771133
771144
771155
771166
771177
771188
771199
772200
772211
772233
772244
772255
772266
772277
772288
772299
773300
773311
773322
773344
773355
773366
773377
773388
773399
774400
774411
774422
774433
774455
774466
774477
774488
774499
775500
775511
775522
775533
775544
775566
775577
775588
775599
776600
776611
776622
776633
776644
776655
776677
776688
776699
778800
778811
778822
778833
778844
778855
778866
778877
778899
779900
779911
779922
779933
779944
779955
779966
779977
779988
880011
880022
880033
880044
880055
880066
880077
880088
880099
881100
881122
881133
881144
881155
881166
881177
881188
881199
882200
882211
882233
882244
882255
882266
882277
882288
882299
883300
883311
883322
883344
883355
883366
883377
883388
883399
884400
884411
884422
884433
884455
884466
884477
884488
884499
885500
885511
885522
885533
885544
885566
885577
885588
885599
886600
886611
886622
886633
886644
886655
886677
886688
886699
887700
887711
887722
887733
887744
887755
887766
887788
887799
889900
889911
889922
889933
889944
889955
889966
889977
889988
990011
990022
990033
990044
990055
990066
990077
990088
990099
991100
991122
991133
991144
991155
991166
991177
991188
991199
992200
992211
992233
992244
992255
992266
992277
992288
992299
993300
993311
993322
993344
993355
993366
993377
993388
993399
994400
994411
994422
994433
994455
994466
994477
994488
994499
995500
995511
995522
995533
995544
995566
995577
995588
995599
996600
996611
996622
996633
996644
996655
996677
996688
996699
997700
997711
997722
997733
997744
997755
997766
997788
997799
998800
998811
998822
998833
998844
998855
998866
998877
998899
1357911131517
3579111315171
5791113151713
7911131517135
9111315171357
1113151713579
1315171357911
1517135791113
1713579111315
1715131197531
1513119753117
1311975311715
1197531171513
9753117151311
7531171513119
5311715131197
3117151311975
1171513119753
0246810121416
2468101214160
4681012141602
6810121416024
8101214160246
1012141602468
1214160246810
1416024681012
1602468101214
1614121086420
1412108642016
1210864201614
1086420161412
8642016141210
6420161412108
4201614121086
2016141210864
0161412108642